canvas 0 0 500 300
shape R0 rectangle
motion R0 1 50 100 50 20 133 153 158 1 50 100 50 20 133 153 158
shape R1 rectangle
motion R1 1 110 100 50 20 133 153 158 1 110 100 50 20 133 153 158
shape R2 rectangle
motion R2 1 170 100 50 20 133 153 158 1 170 100 50 20 133 153 158
shape R3 rectangle
motion R3 1 230 100 50 20 133 153 158 1 230 100 50 20 133 153 158
shape R4 rectangle
motion R4 1 290 100 50 20 133 153 158 1 290 100 50 20 133 153 158
shape R5 rectangle
motion R5 1 350 100 50 20 133 153 158 1 350 100 50 20 133 153 158
shape RTimer rectangle
motion RTimer 1 50 170 1 10 255 182 25 1 50 170 1 10 255 182 25
shape M0 rectangle
motion M0 1 50 200 50 20 133 153 158 1 50 200 50 20 133 153 158
shape M1 rectangle
motion M1 1 110 200 50 20 133 153 158 1 110 200 50 20 133 153 158
shape M2 rectangle
motion M2 1 170 200 50 20 133 153 158 1 170 200 50 20 133 153 158
shape M3 rectangle
motion M3 1 230 200 50 20 133 153 158 1 230 200 50 20 133 153 158
shape M4 rectangle
motion M4 1 290 200 50 20 133 153 158 1 290 200 50 20 133 153 158
shape M5 rectangle
motion M5 1 350 200 50 20 133 153 158 1 350 200 50 20 133 153 158
shape MTimer rectangle
motion MTimer 1 50 270 1 10 255 182 25 1 50 270 1 10 255 182 25
motion R5 1 350 100 50 20 133 153 158 21 350 100 50 20 235 108 156
motion RTimer 1 50 140 1 10 255 182 25 21 50 140 11 10 255 182 25
motion R4 21 290 100 50 20 133 153 158 41 290 100 50 20 235 108 156
motion RTimer 21 50 140 11 10 255 182 25 41 50 140 21 10 255 182 25
motion R3 41 230 100 50 20 133 153 158 61 230 100 50 20 235 108 156
motion RTimer 41 50 140 21 10 255 182 25 61 50 140 31 10 255 182 25
motion R2 61 170 100 50 20 133 153 158 81 170 100 50 20 235 108 156
motion RTimer 61 50 140 31 10 255 182 25 81 50 140 41 10 255 182 25
motion R1 81 110 100 50 20 133 153 158 101 110 100 50 20 48 240 89
motion RTimer 81 50 140 41 10 255 182 25 101 50 140 51 10 255 182 25
motion R0 101 50 100 50 20 133 153 158 121 50 100 50 20 48 240 89
motion RTimer 101 50 140 51 10 255 182 25 121 50 140 61 10 255 182 25
motion R2 121 170 100 50 20 235 108 156 141 170 100 50 20 48 240 89
motion R1 121 110 100 50 20 48 240 89 131 110 100 55 22 133 153 158
motion R0 121 50 100 50 20 48 240 89 131 50 100 55 22 133 153 158
motion R1 131 110 100 55 22 48 240 89 141 110 100 50 20 133 153 158
motion R0 131 50 100 55 22 48 240 89 141 50 100 50 20 133 153 158
motion RTimer 121 50 140 61 10 255 182 25 141 50 140 71 10 255 182 25
motion R1 141 110 100 50 20 133 153 158 161 110 100 50 20 48 240 89
motion RTimer 141 50 140 71 10 255 182 25 161 50 140 81 10 255 182 25
motion R3 161 230 100 50 20 235 108 156 181 230 100 50 20 48 240 89
motion R2 161 170 100 50 20 48 240 89 171 170 100 55 22 133 153 158
motion R1 161 110 100 50 20 48 240 89 171 110 100 55 22 133 153 158
motion R2 171 170 100 55 22 48 240 89 181 170 100 50 20 133 153 158
motion R1 171 110 100 55 22 48 240 89 181 110 100 50 20 133 153 158
motion RTimer 161 50 140 81 10 255 182 25 181 50 140 91 10 255 182 25
motion R2 181 170 100 50 20 133 153 158 201 170 100 50 20 235 108 156
motion RTimer 181 50 140 91 10 255 182 25 201 50 140 101 10 255 182 25
motion R1 201 110 100 50 20 133 153 158 221 110 100 50 20 48 240 89
motion RTimer 201 50 140 101 10 255 182 25 221 50 140 111 10 255 182 25
motion R0 221 50 100 50 20 133 153 158 241 50 100 50 20 48 240 89
motion RTimer 221 50 140 111 10 255 182 25 241 50 140 121 10 255 182 25
motion R2 241 170 100 50 20 235 108 156 261 170 100 50 20 48 240 89
motion R1 241 110 100 50 20 48 240 89 251 110 100 55 22 133 153 158
motion R0 241 50 100 50 20 48 240 89 251 50 100 55 22 133 153 158
motion R1 251 110 100 55 22 48 240 89 261 110 100 50 20 133 153 158
motion R0 251 50 100 55 22 48 240 89 261 50 100 50 20 133 153 158
motion RTimer 241 50 140 121 10 255 182 25 261 50 140 131 10 255 182 25
motion R4 261 290 100 50 20 235 108 156 281 290 100 50 20 48 240 89
motion R3 261 230 100 50 20 48 240 89 271 230 100 55 22 133 153 158
motion R2 261 170 100 50 20 48 240 89 271 170 100 55 22 133 153 158
motion R3 271 230 100 55 22 48 240 89 281 230 100 50 20 133 153 158
motion R2 271 170 100 55 22 48 240 89 281 170 100 50 20 133 153 158
motion RTimer 261 50 140 131 10 255 182 25 281 50 140 141 10 255 182 25
motion R3 281 230 100 50 20 133 153 158 301 230 100 50 20 235 108 156
motion RTimer 281 50 140 141 10 255 182 25 301 50 140 151 10 255 182 25
motion R2 301 170 100 50 20 133 153 158 321 170 100 50 20 235 108 156
motion RTimer 301 50 140 151 10 255 182 25 321 50 140 161 10 255 182 25
motion R1 321 110 100 50 20 133 153 158 341 110 100 50 20 48 240 89
motion RTimer 321 50 140 161 10 255 182 25 341 50 140 171 10 255 182 25
motion R0 341 50 100 50 20 133 153 158 361 50 100 50 20 48 240 89
motion RTimer 341 50 140 171 10 255 182 25 361 50 140 181 10 255 182 25
motion R2 361 170 100 50 20 235 108 156 381 170 100 50 20 48 240 89
motion R1 361 110 100 50 20 48 240 89 371 110 100 55 22 133 153 158
motion R0 361 50 100 50 20 48 240 89 371 50 100 55 22 133 153 158
motion R1 371 110 100 55 22 48 240 89 381 110 100 50 20 133 153 158
motion R0 371 50 100 55 22 48 240 89 381 50 100 50 20 133 153 158
motion RTimer 361 50 140 181 10 255 182 25 381 50 140 191 10 255 182 25
motion R1 381 110 100 50 20 133 153 158 401 110 100 50 20 48 240 89
motion RTimer 381 50 140 191 10 255 182 25 401 50 140 201 10 255 182 25
motion R3 401 230 100 50 20 235 108 156 421 230 100 50 20 48 240 89
motion R2 401 170 100 50 20 48 240 89 411 170 100 55 22 133 153 158
motion R1 401 110 100 50 20 48 240 89 411 110 100 55 22 133 153 158
motion R2 411 170 100 55 22 48 240 89 421 170 100 50 20 133 153 158
motion R1 411 110 100 55 22 48 240 89 421 110 100 50 20 133 153 158
motion RTimer 401 50 140 201 10 255 182 25 421 50 140 211 10 255 182 25
motion R5 421 350 100 50 20 235 108 156 441 350 100 50 20 48 240 89
motion R4 421 290 100 50 20 48 240 89 431 290 100 55 22 133 153 158
motion R3 421 230 100 50 20 48 240 89 431 230 100 55 22 133 153 158
motion R4 431 290 100 55 22 48 240 89 441 290 100 50 20 133 153 158
motion R3 431 230 100 55 22 48 240 89 441 230 100 50 20 133 153 158
motion RTimer 421 50 140 211 10 255 182 25 441 50 140 221 10 255 182 25
motion M5 1 350 200 50 20 133 153 158 21 350 200 50 20 235 108 156
motion MTimer 1 50 240 1 10 255 182 25 21 50 240 11 10 255 182 25
motion M4 21 290 200 50 20 133 153 158 41 290 200 50 20 235 108 156
motion MTimer 21 50 240 11 10 255 182 25 41 50 240 21 10 255 182 25
motion M3 41 230 200 50 20 133 153 158 61 230 200 50 20 235 108 156
motion MTimer 41 50 240 21 10 255 182 25 61 50 240 31 10 255 182 25
motion M2 61 170 200 50 20 133 153 158 81 170 200 50 20 235 108 156
motion MTimer 61 50 240 31 10 255 182 25 81 50 240 41 10 255 182 25
motion M1 81 110 200 50 20 133 153 158 101 110 200 50 20 48 240 89
motion MTimer 81 50 240 41 10 255 182 25 101 50 240 51 10 255 182 25
motion M0 101 50 200 50 20 133 153 158 121 50 200 50 20 48 240 89
motion MTimer 101 50 240 51 10 255 182 25 121 50 240 61 10 255 182 25
motion M2 121 170 200 50 20 235 108 156 141 170 200 50 20 48 240 89
motion M1 121 110 200 50 20 48 240 89 131 110 200 55 22 40 240 89
motion M0 121 50 200 50 20 48 240 89 131 50 200 55 22 40 240 89
motion M1 131 110 200 55 22 48 240 89 141 110 200 50 20 40 240 89
motion M0 131 50 200 55 22 48 240 89 141 50 200 50 20 40 240 89
motion MTimer 121 50 240 61 10 255 182 25 141 50 240 71 10 255 182 25
motion M3 141 230 200 50 20 235 108 156 161 230 200 50 20 48 240 89
motion M2 141 170 200 50 20 48 240 89 151 170 200 55 22 40 240 89
motion M1 141 110 200 50 20 48 240 89 151 110 200 55 22 40 240 89
motion M2 151 170 200 55 22 48 240 89 161 170 200 50 20 40 240 89
motion M1 151 110 200 55 22 48 240 89 161 110 200 50 20 40 240 89
motion MTimer 141 50 240 71 10 255 182 25 161 50 240 81 10 255 182 25
motion M4 161 290 200 50 20 235 108 156 181 290 200 50 20 48 240 89
motion M3 161 230 200 50 20 48 240 89 171 230 200 55 22 40 240 89
motion M2 161 170 200 50 20 48 240 89 171 170 200 55 22 40 240 89
motion M3 171 230 200 55 22 48 240 89 181 230 200 50 20 40 240 89
motion M2 171 170 200 55 22 48 240 89 181 170 200 50 20 40 240 89
motion MTimer 161 50 240 81 10 255 182 25 181 50 240 91 10 255 182 25
motion M5 181 350 200 50 20 235 108 156 201 350 200 50 20 48 240 89
motion M4 181 290 200 50 20 48 240 89 191 290 200 55 22 40 240 89
motion M3 181 230 200 50 20 48 240 89 191 230 200 55 22 40 240 89
motion M4 191 290 200 55 22 48 240 89 201 290 200 50 20 40 240 89
motion M3 191 230 200 55 22 48 240 89 201 230 200 50 20 40 240 89
motion MTimer 181 50 240 91 10 255 182 25 201 50 240 101 10 255 182 25
