canvas 0 0 500 500
shape background rectangle
shape grass rectangle
shape sun ellipse
shape treeTrunk rectangle
shape leaf1 ellipse
shape leaf2 ellipse
shape leaf3 ellipse
shape apple1 ellipse
shape apple2 ellipse
shape apple3 ellipse
shape apple4 ellipse
motion background 1 0 0 500 400 204 230 255 15 0 0 500 400 179 179 255
motion background 15 0 0 500 400 179 179 255 30 0 0 500 400 51 51 255
motion background 30 0 0 500 400 51 51 255 45 0 0 500 400 0 0 102
motion grass 1 0 400 500 100 111 220 111 45 0 400 500 100 25 103 25
motion sun 1 62 150 30 30 255 255 230 6 125 130 30 30 255 255 230
motion sun 6 125 130 30 30 255 255 230 12 187 110 30 30 255 255 230
motion sun 12 187 110 30 30 255 255 230 18 250 90 30 30 255 255 230
motion sun 18 250 90 30 30 255 255 230 24 312 110 30 30 255 255 230
motion sun 24 312 110 30 30 255 255 230 30 375 130 30 30 255 255 230
motion sun 30 375 130 30 30 255 255 230 36 437 150 30 30 255 255 230
motion sun 36 437 150 30 30 255 255 230 45 437 150 30 30 255 255 230
motion treeTrunk 1 100 300 50 100 128 64 0 45 100 300 45 100 128 64 0
motion leaf1 1 75 275 50 50 0 179 0 45 75 275 50 50 0 179 0
motion leaf2 1 115 275 50 50 0 179 0 45 115 275 50 50 0 179 0
motion leaf3 1 85 225 70 70 0 179 0 45 85 225 70 70 0 179 0
motion apple1 1 85 400 20 20 255 0 0 45 85 400 20 20 255 0 0
motion apple2 1 130 285 20 20 255 0 0 45 130 400 20 20 255 0 0
motion apple3 1 105 400 20 20 255 0 0 45 105 400 20 20 255 0 0
motion apple4 1 70 400 20 20 255 0 0 45 70 400 20 20 255 0 0









